Request-Type,FUSE_WRITE
Background-queue-count,500823
Pending-queue-count,500823
Processing-queue-count,500823
User-Processing-queue-count,500823

